2147483647 18 36 45 6 13 29 5 5 18 21 25 49 8 10 11 28 12 11 19 21 29 13 15 47 15 15 51 16 18 18 18 18 18 22 25 25 25 25 25 
18 2147483647 18 27 12 5 11 20 15 5 5 8 31 25 24 25 13 25 19 11 11 14 25 30 30 25 21 34 29 20 28 26 26 25 18 33 32 31 30 29 
36 18 2147483647 9 30 23 7 38 33 18 15 12 13 43 41 42 13 42 35 22 20 14 42 47 15 40 36 19 45 34 43 42 41 40 29 48 46 44 43 41 
45 27 9 2147483647 39 32 16 47 42 27 24 20 6 52 50 50 20 51 44 31 28 21 51 56 12 49 44 15 54 42 52 50 49 48 36 55 54 52 50 48 
6 12 30 39 2147483647 7 23 8 4 12 15 19 43 13 13 13 22 14 9 13 15 22 14 18 41 15 13 44 18 15 18 17 17 17 17 25 24 24 23 23 
13 5 23 32 7 2147483647 16 15 10 5 8 12 36 20 19 19 16 20 14 9 10 16 20 25 34 19 16 38 23 16 23 21 21 20 16 29 28 26 25 25 
29 11 7 16 23 16 2147483647 31 26 11 8 5 20 36 34 34 8 35 28 15 13 9 35 40 19 33 29 23 38 27 36 34 34 33 22 41 39 37 36 34 
5 20 38 47 8 15 31 2147483647 5 20 23 27 51 5 5 5 29 6 7 18 21 29 7 10 48 10 11 51 11 14 13 13 13 13 19 20 20 20 20 20 
5 15 33 42 4 10 26 5 2147483647 15 18 22 46 10 8 9 24 10 6 14 17 24 10 14 43 11 10 47 14 12 14 13 13 13 16 21 20 20 20 20 
18 5 18 27 12 5 11 20 15 2147483647 3 7 31 25 23 23 10 23 17 6 6 10 24 28 28 22 18 32 26 16 25 23 23 22 13 30 29 27 26 25 
21 5 15 24 15 8 8 23 18 3 2147483647 4 28 28 26 26 7 26 19 7 6 8 26 31 25 25 20 29 29 19 28 26 25 24 15 32 31 29 28 26 
25 8 12 20 19 12 5 27 22 7 4 2147483647 24 32 30 30 5 30 23 10 8 6 30 35 22 28 24 26 33 22 31 29 29 28 17 36 34 32 31 29 
49 31 13 6 43 36 20 51 46 31 28 24 2147483647 56 54 54 22 54 47 33 30 22 54 59 7 51 47 10 56 44 54 52 51 50 38 57 55 53 52 50 
8 25 43 52 13 20 36 5 10 25 28 32 56 2147483647 4 5 34 6 10 23 26 34 7 7 53 11 14 56 10 17 13 13 14 14 23 20 20 20 21 22 
10 24 41 50 13 19 34 5 8 23 26 30 54 4 2147483647 1 32 2 7 21 24 32 3 5 51 6 10 54 6 13 9 9 9 10 20 16 16 16 17 17 
11 25 42 50 13 19 34 5 9 23 26 30 54 5 1 2147483647 32 1 7 21 24 32 2 5 51 5 9 54 5 13 8 8 8 9 19 15 15 15 16 17 
28 13 13 20 22 16 8 29 24 10 7 5 22 34 32 32 2147483647 32 25 11 8 1 32 37 19 29 24 22 34 22 32 30 29 28 16 35 33 31 30 28 
12 25 42 51 14 20 35 6 10 23 26 30 54 6 2 1 32 2147483647 7 21 24 32 1 5 51 5 8 54 4 12 7 7 8 8 19 14 14 14 15 16 
11 19 35 44 9 14 28 7 6 17 19 23 47 10 7 7 25 7 2147483647 14 17 25 7 12 44 5 4 47 9 7 9 8 7 7 13 15 14 14 14 14 
19 11 22 31 13 9 15 18 14 6 7 10 33 23 21 21 11 21 14 2147483647 3 11 21 26 30 18 13 33 23 11 21 19 18 17 7 25 23 22 20 19 
21 11 20 28 15 10 13 21 17 6 6 8 30 26 24 24 8 24 17 3 2147483647 8 24 29 27 21 16 30 26 14 24 22 21 20 9 27 26 24 22 21 
29 14 14 21 22 16 9 29 24 10 8 6 22 34 32 32 1 32 25 11 8 2147483647 32 37 19 29 24 22 34 21 31 29 28 27 15 34 33 31 29 27 
13 25 42 51 14 20 35 7 10 24 26 30 54 7 3 2 32 1 7 21 24 32 2147483647 5 51 4 8 54 3 12 6 6 7 7 18 13 13 13 14 15 
15 30 47 56 18 25 40 10 14 28 31 35 59 7 5 5 37 5 12 26 29 37 5 2147483647 56 8 13 59 4 16 8 10 10 11 23 13 14 15 17 18 
47 30 15 12 41 34 19 48 43 28 25 22 7 53 51 51 19 51 44 30 27 19 51 56 2147483647 48 43 4 53 40 50 48 47 46 33 52 50 48 46 44 
15 25 40 49 15 19 33 10 11 22 25 28 51 11 6 5 29 5 5 18 21 29 4 8 48 2147483647 5 51 5 8 3 3 3 3 15 10 10 10 10 11 
15 21 36 44 13 16 29 11 10 18 20 24 47 14 10 9 24 8 4 13 16 24 8 13 43 5 2147483647 46 10 3 7 5 5 4 10 12 11 10 10 10 
51 34 19 15 44 38 23 51 47 32 29 26 10 56 54 54 22 54 47 33 30 22 54 59 4 51 46 2147483647 56 43 53 51 50 49 36 54 52 50 49 47 
16 29 45 54 18 23 38 11 14 26 29 33 56 10 6 5 34 4 9 23 26 34 3 4 53 5 10 56 2147483647 13 4 5 6 7 20 10 10 11 12 14 
18 20 34 42 15 16 27 14 12 16 19 22 44 17 13 13 22 12 7 11 14 21 12 16 40 8 3 43 13 2147483647 10 8 7 6 7 13 12 10 9 8 
18 28 43 52 18 23 36 13 14 25 28 31 54 13 9 8 32 7 9 21 24 31 6 8 50 3 7 53 4 10 2147483647 2 3 4 17 7 7 7 8 9 
18 26 42 50 17 21 34 13 13 23 26 29 52 13 9 8 30 7 8 19 22 29 6 10 48 3 5 51 5 8 2 2147483647 1 2 15 7 7 7 7 8 
18 26 41 49 17 21 34 13 13 23 25 29 51 14 9 8 29 8 7 18 21 28 7 10 47 3 5 50 6 7 3 1 2147483647 1 14 8 7 7 7 8 
18 25 40 48 17 20 33 13 13 22 24 28 50 14 10 9 28 8 7 17 20 27 7 11 46 3 4 49 7 6 4 2 1 2147483647 13 8 7 7 7 7 
22 18 29 36 17 16 22 19 16 13 15 17 38 23 20 19 16 19 13 7 9 15 18 23 33 15 10 36 20 7 17 15 14 13 2147483647 19 17 15 13 12 
25 33 48 55 25 29 41 20 21 30 32 36 57 20 16 15 35 14 15 25 27 34 13 13 52 10 12 54 10 13 7 7 8 8 19 2147483647 2 4 6 8 
25 32 46 54 24 28 39 20 20 29 31 34 55 20 16 15 33 14 14 23 26 33 13 14 50 10 11 52 10 12 7 7 7 7 17 2 2147483647 2 4 6 
25 31 44 52 24 26 37 20 20 27 29 32 53 20 16 15 31 14 14 22 24 31 13 15 48 10 10 50 11 10 7 7 7 7 15 4 2 2147483647 2 4 
25 30 43 50 23 25 36 20 20 26 28 31 52 21 17 16 30 15 14 20 22 29 14 17 46 10 10 49 12 9 8 7 7 7 13 6 4 2 2147483647 2 
25 29 41 48 23 25 34 20 20 25 26 29 50 22 17 17 28 16 14 19 21 27 15 18 44 11 10 47 14 8 9 8 8 7 12 8 6 4 2 2147483647 
